7033992021
9045953232
9842046754
8138077954
8037693736
4104018309
2056641575
2056687920
2052800034
4343858800
7705375246
3368420952
2625972020
2563531871
9123529356
7317841186
7312862744
7316683018
7316357097
3044221841
3048081209
7243355721
4127311930
4123644700
4126832727
7248431870
7247281872
7248432728
4122621530
3017540101
4126731243
6108532001
7066600191
2814692020
4342392800
4348456086
4343525908
8123332020
8128762020
4347602020
4349772020
4349752020
4135254888
4135868456
4137330867
4135620763
2192502470
2192269571
2193250404
2197631538
2193225205
2194648200
8707791022
8706426900
8707222200
8709013553
4793944215
8708453725
5803764015
5802866000
9035724000
9038380783
8707742020
9374542020
6174841414
7814880094
2056554838
4145412100
9013710770
9016823937
9013792021
9013242122
9013659732
6105940800
6106925019
6106928300
6104445252
6102699595
6108670588
3126412020
9043799068
8708624216
3177062020
4198855300
8286935205
4143512020
2622414848
2626929000
4048535008
7403876880
3047887800
2037955000
8174312020
3178239985
5862472121
9372980550
5177878890
8435214037
2567348514
3048424444
3044721235
7177414788
7177577023
7178484654
7176254600
2814992600
9204992147
3043662020
9204359511
4122562020
7243272020
6177427200
7812637360
7244656232
9042622249
7578750675
7578565006
8594419464
8593413937
8592820911
8592919464
5134744444
5132459099
9372222452
5138292132
5139218040
5138938816
5135330031
5137912222
5137599464
9372472000
5134245217
5135759464
5135232020
5137740999
5137719800
5132519464
9373769439
3033691020
3032989410
3037942433
3039352020
3038418243
3037820470
9037589090
3034434311
2168390200
3306509599
8606680266
9547719120
3016030639
6104851500
2143823061
8177882020
9722319595
9723472020
9724161270
9729602020
9722418084
9728012727
9729801772
9038722561
8178609050
9723075000
9858722020
9724242211
9726122015
9725402015
7819867400
9313814911
6172433937
6177394141
9373994101
6174816650
9797640010
9796900147
9797318446
4098329151
8174812070
8177382027
3175780202
6305290993
4199312020
6158151632
3012776100
8172377153
9198779300
4194748833
9034540471
9723291828
7245391900
8144454495
3527288318
3527502414
8606444362
8606672020
4196686067
2032626752
2103088565
2626344430
6156622800
4128232569
4147696120
7709935592
7708522733
2153684660
6104589800
7203442020
9722343937
7139542020
2816933937
2813947773
9017542020
9014141900
5127546161
4142814800
4098862292
4093855262
3037613285
3175779200
4135846616
3033938378
7068462131
4098994449
4144537020
9725522020
2148212020
8176562020
8177414177
8174912018
7139787504
8123799893
8306248870
8286818000
9722624391
2627869630
2143611300
3308541393
8174266060
4695230000
8175788484
7176878141
8132860433
5018353937
8474371005
6102667700
9787744500
9788870068
9789215000
3036906510
5128580020
8175716688
8174884893
9726415606
3036931853
6305172000
4194837685
2813704444
8286983423
7812292020
3259495750
8606466655
9204583312
3303369177
3304941710
3216390910
5176769350
8109845005
5123455641
8026587610
8156344825
8102204499
2699688183
6034240404
6036446100
6036720338
6039262722
6037922020
6033478377
6032960235
6039355966
8478563939
7177632020
8654836338
2812864343
7705297789
2819706900
8452796179
2606688881
5742061533
2603491008
3133599075
7342133529
7345457988
2699655106
2699340424
6169499660
6169573099
5175437577
5172789004
6168464454
6169498974
6163631868
6162498490
2699459724
6169289640
6163991440
6163968814
6165279279
5177839000
5177803828
6164574443
5178492200
2693420134
2693663664
2693497631
2693823453
2693497627
2693423910
6162811011
6165547775
6166080466
5178862888
2486152815
2317671600
2317987230
2696841330
2312200223
2696851071
6163657600
7344160348
2693277079
6168663933
7342959241
7342829500
2699831303
2696511958
2692739515
6167844999
6167916944
7346764300
6165314370
7346976671
7348440400
2813912020
7136902020
3034434545
9047864442
7409836171
3037662020
9149611004
6109329356
7154212111
9188933769
5169316330
7342825030
3303322080
3864451880
3864235190
3867341766
9142775550
9187459662
7189563000
9147372020
4043773937
6787323432
9182527432
9185822020
2699627595
4235621531
9722792020
5123710144
5124779000
9549160017
8063582205
2032687799
8435739944
7034815600
8067931927
8067931928
4697759700
8174207377
9723691411
9036632020
8177412020
9403822020
8592341424
8599877077
9549235367
5083477309
2104957483
2104927483
7704950937
2813423554
8327704926
9703461411
9703560100
7134532972
7136972081
2818756800
7135235109
7133342020
7136540042
2818908480
2818752020
7134732020
8322422020
2816442020
2813512020
9723155202
7705570039
6033431123
6036290090
6033821414
6034276600
7136662277
9725393900
9184972002
9856411228
8157446735
8067988820
3032782020
2625425295
5122557070
4108223937
4102280500
5864212020
3345217944
7724656616
3178587900
8048642020
7196323561
8063566868
8282558961
8282533533
2814462020
6105666484
8139490421
9549612200
9148030500
4408883937
6164572020
7037260005
7033921010
7038306380
7032974137
2025462838
2022986878
7033561292
7034717810
7038656890
7035428888
2815503600
9545843838
4144536667
7049822020
7348567070
7345298747
5612781116
9723349944
6038908821
7206000440
3037459400
9703524200
3032337575
3037912727
3033556111
9706694587
3033616600
2037584447
7068601171
4782722303
8474701115
4107680202
8282541821
7049435110
7042852015
8286936924
8284563211
6142732020
4052165508
8035934508
8033453170
8436502400
8037812212
8037417177
8437672328
8036373141
8437975711
8033592110
8437566919
8032763271
8032795277
8436652020
8439792400
8646270634
8438511108
8037734313
8435492015
8172950186
8176452411
9727758000
7038478899
8334567700
5712230396
7032509000
3019513373
7032642020
2024636300
3014206610
3014241050
7034946184
2027855700
3015701600
7032946600
7032668400
3015883232
7034514577
7037537200
7039385544
7035257474
3018395555
3019842111
5406572020
7033399833
7036694646
7033707111
7034213322
3014380555
3017182424
3013452053
7038302010
2403619600
2023313931
3019835884
7033682121
3019901122
4102688200
2025449220
7033312122
3012282666
4435425999
7039425300
2403918989
3012621210
7032699866
7032699878
4107955588
4104846348
7038882999
7037900377
5404508504
4439648705
5406353223
4105352020
4438390335
3018622436
3018844774
4438635206
3017106919
5713854600
2028981060
4105848224
3012453903
4349735361
4104612020
8648771825
9197810904
2292284770
8505842200
9122852021
7042373910
7705927100
5408912020
7703455220
4043209100
6303975900
7734040777
8473254440
3522912000
3017226480
7177575632
7177648705
7172272030
9042216500
6303559080
8476233937
7048928282
8632157156
8437970737
7038600600
7088954422
7277721000
7273813937
8132642020
7275782020
7277993937
7272093937
5715125990
8036503080
7066954676
7047521744
4784751600
4783220009
8022536322
8154677090
5048666311
5047330406
9856268103
5048872020
5047123551
9857858484
2155475470
2153557733
2155791155
8156547777
2059792020
2059672020
2059952020
2053282020
2058022020
2058703937
2055992020
2057862020
2054452020
2059872020
2058362020
2567225425
2563259465
2562132020
2054622020
3342742020
5617385997
8028645428
5619959600
5616942239
4232654306
4135499400
4137722571
5614872777
6304060606
6307710600
8604364410
8605299740
8608705800
2527564204
2527568787
2527524844
2527275290
2527932103
2529758040
2527926611
8648786060
7708987078
8606753937
2037905653
2034263545
5048993937
7176328600
7173972020
2673645337
7656492278
3172738474
8123319082
8123321401
3172575421
3178565677
3175751133
3178759339
8123763068
3176311200
3172430028
5748758511
3175959999
2604263095
3178814143
3173578385
7654598182
7654475083
7654822066
2197382180
2198728844
5742778121
3177732300
3177708555
3177734482
3175702778
3178377800
3178423937
5742919200
3177831355
8128292972
8122320073
2194625113
3178670555
3173371233
3178734020
9017677080
9014959900
7705734345
6108318060
9547646906
7045228000
7042954433
7049435115
7043725332
7045350925
7047820677
7049389777
7045459797
7049715000
7048730524
7045259802
2524929559
9197724575
2523933010
7045416287
9198810900
9192344888
9193620332
8033272001
3365972020
9198701880
7048653937
3369962020
3364763141
8478957222
8477262020
8476962434
8478362020
2525232020
2153483127
7739754300
2527569404
9192316040
4344473220
9102549292
2529377777
2526332901
2529467257
3364272020
9102855050
9103710540
3363423336
9103956050
3366232020
9195542020
3368568711
9194961156
9198475957
9194938508
9198619178
9127649147
9129250700
9128260935
9125540010
9128823040
4782723445
7067330020
7068608899
4789711500
4784526569
9124509200
4782180404
3369072506
9102761993
8509269213
8508934687
8508774687
2294394687
3367903502
5713677610
4109392200
4106761500
4103985240
4102721800
4108383200
5404427742
8643229050
7035060000
3018632020
3018090000
3016453600
3015401200
5404346622
5404283937
5408850006
9042873678
9047817717
9048242021
4108790044
5712906080
3027345861
3023462020
3024222020
3026533400
3026299197
3022532020
3023761900
3025370234
3028380800
3029997171
4078702020
8137046090
4079332088
8634212700
8635342020
8633822020
3522432121
8632998908
8636192700
8636872260
8638532020
6786247766
4708882044
6787179121
4042390272
7706440012
7709630370
7702710611
4048432020
4044670717
3012710554
2037341686
2032712020
2037909030
2032540055
2034073937
2032451492
2037292226
2033873937
8603540130
2038452020
2034385005
2032643937
8604968668
2032612619
2038057022
2035750900
8602747576
2032265585
7709382923
9047772927
4349784090
4349752420
7732752020
8478640300
3126499110
8478645200
3127824208
6302792020
8475482770
7739757867
8472666400
6303231100
8472952020
7739752020
7732752900
6302257020
7085242020
3126642020
7735252022
3122267200
7732762020
8479990234
2405234454
9195535600
3523766622
3522373768
4108822020
4102663369
4107998067
4105698113
4107426148
4108485442
9043567101
8034352494
8438490800
8507012540
8603545537
9042915800
7066536202
8603797514
7574311111
2026957278
7574861712
7575230161
7578276530
7575232000
7574655555
7572596823
7572494330
3015821771
3017334944
3017396573
3016634745
7175974780
7172632389
7172186656
7172584422
7175328806
7177629178
7037377798
5407223217
3042679911
3042634000
3047254828
4432906055
4106908844
9042645483
8157299143
5408258220
7084993911
7172636186
7088918600
3368892225
9108646070
8642322779
9198519995
9194610771
9192696032
9197830011
9198474665
9198510093
9198635032
9198632015
9198612020
9196550625
9104520554
9106931226
9195952020
9199423320
9198706430
3368082020
9107900212
9198619177
9192820053
9195561909
9193462062
3363870930